  0.00000e+00   9.86441e-01
  1.00000e-02   9.84666e-01
  2.00000e-02   9.82878e-01
  3.00000e-02   9.81077e-01
  4.00000e-02   9.79261e-01
  5.00000e-02   9.77429e-01
  6.00000e-02   9.75578e-01
  7.00000e-02   9.73709e-01
  8.00000e-02   9.71819e-01
  9.00000e-02   9.69906e-01
  1.00000e-01   9.67969e-01
  1.10000e-01   9.66005e-01
  1.20000e-01   9.64012e-01
  1.30000e-01   9.61988e-01
  1.40000e-01   9.59929e-01
  1.50000e-01   9.57834e-01
  1.60000e-01   9.55698e-01
  1.70000e-01   9.53519e-01
  1.80000e-01   9.51292e-01
  1.90000e-01   9.49015e-01
  2.00000e-01   9.46682e-01
  2.10000e-01   9.44289e-01
  2.20000e-01   9.41830e-01
  2.30000e-01   9.39302e-01
  2.40000e-01   9.36698e-01
  2.50000e-01   9.34011e-01
  2.60000e-01   9.31236e-01
  2.70000e-01   9.28365e-01
  2.80000e-01   9.25390e-01
  2.90000e-01   9.22304e-01
  3.00000e-01   9.19098e-01
  3.10000e-01   9.15763e-01
  3.20000e-01   9.12290e-01
  3.30000e-01   9.08667e-01
  3.40000e-01   9.04884e-01
  3.50000e-01   9.00930e-01
  3.60000e-01   8.96793e-01
  3.70000e-01   8.92461e-01
  3.80000e-01   8.87919e-01
  3.90000e-01   8.83156e-01
  4.00000e-01   8.78157e-01
  4.10000e-01   8.72907e-01
  4.20000e-01   8.67394e-01
  4.30000e-01   8.61601e-01
  4.40000e-01   8.55514e-01
  4.50000e-01   8.49119e-01
  4.60000e-01   8.42403e-01
  4.70000e-01   8.35350e-01
  4.80000e-01   8.27949e-01
  4.90000e-01   8.20187e-01
  5.00000e-01   8.12055e-01
  5.10000e-01   8.03542e-01
  5.20000e-01   7.94643e-01
  5.30000e-01   7.85353e-01
  5.40000e-01   7.75669e-01
  5.50000e-01   7.65591e-01
  5.60000e-01   7.55125e-01
  5.70000e-01   7.44276e-01
  5.80000e-01   7.33057e-01
  5.90000e-01   7.21482e-01
  6.00000e-01   7.09569e-01
  6.10000e-01   6.97343e-01
  6.20000e-01   6.84830e-01
  6.30000e-01   6.72061e-01
  6.40000e-01   6.59071e-01
  6.50000e-01   6.45899e-01
  6.60000e-01   6.32585e-01
  6.70000e-01   6.19173e-01
  6.80000e-01   6.05710e-01
  6.90000e-01   5.92242e-01
  7.00000e-01   5.78816e-01
  7.10000e-01   5.65480e-01
  7.20000e-01   5.52280e-01
  7.30000e-01   5.39263e-01
  7.40000e-01   5.26470e-01
  7.50000e-01   5.13942e-01
  7.60000e-01   5.01716e-01
  7.70000e-01   4.89824e-01
  7.80000e-01   4.78297e-01
  7.90000e-01   4.67159e-01
  8.00000e-01   4.56431e-01
  8.10000e-01   4.46130e-01
  8.20000e-01   4.36267e-01
  8.30000e-01   4.26851e-01
  8.40000e-01   4.17886e-01
  8.50000e-01   4.09371e-01
  8.60000e-01   4.01306e-01
  8.70000e-01   3.93683e-01
  8.80000e-01   3.86496e-01
  8.90000e-01   3.79732e-01
  9.00000e-01   3.73380e-01
  9.10000e-01   3.67426e-01
  9.20000e-01   3.61855e-01
  9.30000e-01   3.56651e-01
  9.40000e-01   3.51797e-01
  9.50000e-01   3.47276e-01
  9.60000e-01   3.43071e-01
  9.70000e-01   3.39164e-01
  9.80000e-01   3.35539e-01
  9.90000e-01   3.32180e-01
  1.00000e+00   3.29069e-01
  1.01000e+00   3.26190e-01
  1.02000e+00   3.23530e-01
  1.03000e+00   3.21073e-01
  1.04000e+00   3.18804e-01
  1.05000e+00   3.16712e-01
  1.06000e+00   3.14784e-01
  1.07000e+00   3.13006e-01
  1.08000e+00   3.11370e-01
  1.09000e+00   3.09863e-01
  1.10000e+00   3.08477e-01
  1.11000e+00   3.07201e-01
  1.12000e+00   3.06028e-01
  1.13000e+00   3.04949e-01
  1.14000e+00   3.03958e-01
  1.15000e+00   3.03046e-01
  1.16000e+00   3.02209e-01
  1.17000e+00   3.01439e-01
  1.18000e+00   3.00731e-01
  1.19000e+00   3.00081e-01
  1.20000e+00   2.99484e-01
  1.21000e+00   2.98935e-01
  1.22000e+00   2.98430e-01
  1.23000e+00   2.97965e-01
  1.24000e+00   2.97539e-01
  1.25000e+00   2.97146e-01
  1.26000e+00   2.96785e-01
  1.27000e+00   2.96452e-01
  1.28000e+00   2.96146e-01
  1.29000e+00   2.95864e-01
  1.30000e+00   2.95604e-01
  1.31000e+00   2.95364e-01
  1.32000e+00   2.95143e-01
  1.33000e+00   2.94939e-01
  1.34000e+00   2.94750e-01
  1.35000e+00   2.94575e-01
  1.36000e+00   2.94414e-01
  1.37000e+00   2.94264e-01
  1.38000e+00   2.94125e-01
  1.39000e+00   2.93996e-01
  1.40000e+00   2.93876e-01
  1.41000e+00   2.93765e-01
  1.42000e+00   2.93661e-01
  1.43000e+00   2.93564e-01
  1.44000e+00   2.93474e-01
  1.45000e+00   2.93389e-01
  1.46000e+00   2.93310e-01
  1.47000e+00   2.93235e-01
  1.48000e+00   2.93165e-01
  1.49000e+00   2.93099e-01
  1.50000e+00   2.93037e-01
  1.51000e+00   2.92978e-01
  1.52000e+00   2.92922e-01
  1.53000e+00   2.92869e-01
  1.54000e+00   2.92819e-01
  1.55000e+00   2.92771e-01
  1.56000e+00   2.92725e-01
  1.57000e+00   2.92681e-01
  1.58000e+00   2.92639e-01
  1.59000e+00   2.92599e-01
  1.60000e+00   2.92560e-01
  1.61000e+00   2.92522e-01
  1.62000e+00   2.92486e-01
  1.63000e+00   2.92451e-01
  1.64000e+00   2.92417e-01
  1.65000e+00   2.92384e-01
  1.66000e+00   2.92352e-01
  1.67000e+00   2.92321e-01
  1.68000e+00   2.92290e-01
  1.69000e+00   2.92260e-01
  1.70000e+00   2.92231e-01
  1.71000e+00   2.92202e-01
  1.72000e+00   2.92174e-01
  1.73000e+00   2.92146e-01
  1.74000e+00   2.92119e-01
  1.75000e+00   2.92092e-01
  1.76000e+00   2.92065e-01
  1.77000e+00   2.92039e-01
  1.78000e+00   2.92013e-01
  1.79000e+00   2.91987e-01
  1.80000e+00   2.91961e-01
  1.81000e+00   2.91936e-01
  1.82000e+00   2.91911e-01
  1.83000e+00   2.91886e-01
  1.84000e+00   2.91862e-01
  1.85000e+00   2.91837e-01
  1.86000e+00   2.91813e-01
  1.87000e+00   2.91789e-01
  1.88000e+00   2.91764e-01
  1.89000e+00   2.91740e-01
  1.90000e+00   2.91716e-01
  1.91000e+00   2.91693e-01
  1.92000e+00   2.91669e-01
  1.93000e+00   2.91645e-01
  1.94000e+00   2.91622e-01
  1.95000e+00   2.91598e-01
  1.96000e+00   2.91575e-01
  1.97000e+00   2.91551e-01
  1.98000e+00   2.91528e-01
  1.99000e+00   2.91505e-01
  2.00000e+00   2.91481e-01
  2.01000e+00   2.91458e-01
  2.02000e+00   2.91435e-01
  2.03000e+00   2.91412e-01
  2.04000e+00   2.91389e-01
  2.05000e+00   2.91365e-01
  2.06000e+00   2.91342e-01
  2.07000e+00   2.91319e-01
  2.08000e+00   2.91296e-01
  2.09000e+00   2.91273e-01
  2.10000e+00   2.91250e-01
  2.11000e+00   2.91227e-01
  2.12000e+00   2.91204e-01
  2.13000e+00   2.91181e-01
  2.14000e+00   2.91158e-01
  2.15000e+00   2.91135e-01
  2.16000e+00   2.91112e-01
  2.17000e+00   2.91089e-01
  2.18000e+00   2.91066e-01
  2.19000e+00   2.91043e-01
  2.20000e+00   2.91020e-01
  2.21000e+00   2.90998e-01
  2.22000e+00   2.90975e-01
  2.23000e+00   2.90952e-01
  2.24000e+00   2.90929e-01
  2.25000e+00   2.90906e-01
  2.26000e+00   2.90883e-01
  2.27000e+00   2.90860e-01
  2.28000e+00   2.90837e-01
  2.29000e+00   2.90814e-01
  2.30000e+00   2.90791e-01
  2.31000e+00   2.90769e-01
  2.32000e+00   2.90746e-01
  2.33000e+00   2.90723e-01
  2.34000e+00   2.90700e-01
  2.35000e+00   2.90677e-01
  2.36000e+00   2.90654e-01
  2.37000e+00   2.90631e-01
  2.38000e+00   2.90608e-01
  2.39000e+00   2.90586e-01
  2.40000e+00   2.90563e-01
  2.41000e+00   2.90540e-01
  2.42000e+00   2.90517e-01
  2.43000e+00   2.90494e-01
  2.44000e+00   2.90471e-01
  2.45000e+00   2.90448e-01
  2.46000e+00   2.90426e-01
  2.47000e+00   2.90403e-01
  2.48000e+00   2.90380e-01
  2.49000e+00   2.90357e-01
  2.50000e+00   2.90334e-01
  2.51000e+00   2.90311e-01
  2.52000e+00   2.90288e-01
  2.53000e+00   2.90266e-01
  2.54000e+00   2.90243e-01
  2.55000e+00   2.90220e-01
  2.56000e+00   2.90197e-01
  2.57000e+00   2.90174e-01
  2.58000e+00   2.90151e-01
  2.59000e+00   2.90128e-01
  2.60000e+00   2.90106e-01
  2.61000e+00   2.90083e-01
  2.62000e+00   2.90060e-01
  2.63000e+00   2.90037e-01
  2.64000e+00   2.90014e-01
  2.65000e+00   2.89991e-01
  2.66000e+00   2.89968e-01
  2.67000e+00   2.89946e-01
  2.68000e+00   2.89923e-01
  2.69000e+00   2.89900e-01
  2.70000e+00   2.89877e-01
  2.71000e+00   2.89854e-01
  2.72000e+00   2.89831e-01
  2.73000e+00   2.89808e-01
  2.74000e+00   2.89786e-01
  2.75000e+00   2.89763e-01
  2.76000e+00   2.89740e-01
  2.77000e+00   2.89717e-01
  2.78000e+00   2.89694e-01
  2.79000e+00   2.89671e-01
  2.80000e+00   2.89648e-01
  2.81000e+00   2.89626e-01
  2.82000e+00   2.89603e-01
  2.83000e+00   2.89580e-01
  2.84000e+00   2.89557e-01
  2.85000e+00   2.89534e-01
  2.86000e+00   2.89511e-01
  2.87000e+00   2.89488e-01
  2.88000e+00   2.89466e-01
  2.89000e+00   2.89443e-01
  2.90000e+00   2.89420e-01
  2.91000e+00   2.89397e-01
  2.92000e+00   2.89374e-01
  2.93000e+00   2.89351e-01
  2.94000e+00   2.89329e-01
  2.95000e+00   2.89306e-01
  2.96000e+00   2.89283e-01
  2.97000e+00   2.89260e-01
  2.98000e+00   2.89237e-01
  2.99000e+00   2.89214e-01
  3.00000e+00   2.89191e-01
  3.01000e+00   2.89169e-01
  3.02000e+00   2.89146e-01
  3.03000e+00   2.89123e-01
  3.04000e+00   2.89100e-01
  3.05000e+00   2.89077e-01
  3.06000e+00   2.89054e-01
  3.07000e+00   2.89031e-01
  3.08000e+00   2.89009e-01
  3.09000e+00   2.88986e-01
  3.10000e+00   2.88963e-01
  3.11000e+00   2.88940e-01
  3.12000e+00   2.88917e-01
  3.13000e+00   2.88894e-01
  3.14000e+00   2.88871e-01
  3.15000e+00   2.88849e-01
  3.16000e+00   2.88826e-01
  3.17000e+00   2.88803e-01
  3.18000e+00   2.88780e-01
  3.19000e+00   2.88757e-01
  3.20000e+00   2.88734e-01
  3.21000e+00   2.88711e-01
  3.22000e+00   2.88689e-01
  3.23000e+00   2.88666e-01
  3.24000e+00   2.88643e-01
  3.25000e+00   2.88620e-01
  3.26000e+00   2.88597e-01
  3.27000e+00   2.88574e-01
  3.28000e+00   2.88551e-01
  3.29000e+00   2.88529e-01
  3.30000e+00   2.88506e-01
  3.31000e+00   2.88483e-01
  3.32000e+00   2.88460e-01
  3.33000e+00   2.88437e-01
  3.34000e+00   2.88414e-01
  3.35000e+00   2.88391e-01
  3.36000e+00   2.88369e-01
  3.37000e+00   2.88346e-01
  3.38000e+00   2.88323e-01
  3.39000e+00   2.88300e-01
  3.40000e+00   2.88277e-01
  3.41000e+00   2.88254e-01
  3.42000e+00   2.88232e-01
  3.43000e+00   2.88209e-01
  3.44000e+00   2.88186e-01
  3.45000e+00   2.88163e-01
  3.46000e+00   2.88140e-01
  3.47000e+00   2.88117e-01
  3.48000e+00   2.88094e-01
  3.49000e+00   2.88072e-01
  3.50000e+00   2.88049e-01
  3.51000e+00   2.88026e-01
  3.52000e+00   2.88003e-01
  3.53000e+00   2.87980e-01
  3.54000e+00   2.87957e-01
  3.55000e+00   2.87934e-01
  3.56000e+00   2.87912e-01
  3.57000e+00   2.87889e-01
  3.58000e+00   2.87866e-01
  3.59000e+00   2.87843e-01
  3.60000e+00   2.87820e-01
  3.61000e+00   2.87797e-01
  3.62000e+00   2.87774e-01
  3.63000e+00   2.87752e-01
  3.64000e+00   2.87729e-01
  3.65000e+00   2.87706e-01
  3.66000e+00   2.87683e-01
  3.67000e+00   2.87660e-01
  3.68000e+00   2.87637e-01
  3.69000e+00   2.87614e-01
  3.70000e+00   2.87592e-01
  3.71000e+00   2.87569e-01
  3.72000e+00   2.87546e-01
  3.73000e+00   2.87523e-01
  3.74000e+00   2.87500e-01
  3.75000e+00   2.87477e-01
  3.76000e+00   2.87454e-01
  3.77000e+00   2.87432e-01
  3.78000e+00   2.87409e-01
  3.79000e+00   2.87386e-01
  3.80000e+00   2.87363e-01
  3.81000e+00   2.87340e-01
  3.82000e+00   2.87317e-01
  3.83000e+00   2.87294e-01
  3.84000e+00   2.87272e-01
  3.85000e+00   2.87249e-01
  3.86000e+00   2.87226e-01
  3.87000e+00   2.87203e-01
  3.88000e+00   2.87180e-01
  3.89000e+00   2.87157e-01
  3.90000e+00   2.87134e-01
  3.91000e+00   2.87112e-01
  3.92000e+00   2.87089e-01
  3.93000e+00   2.87066e-01
  3.94000e+00   2.87043e-01
  3.95000e+00   2.87020e-01
  3.96000e+00   2.86997e-01
  3.97000e+00   2.86975e-01
  3.98000e+00   2.86952e-01
  3.99000e+00   2.86929e-01
  4.00000e+00   2.86906e-01
  4.01000e+00   2.86883e-01
  4.02000e+00   2.86860e-01
  4.03000e+00   2.86837e-01
  4.04000e+00   2.86815e-01
  4.05000e+00   2.86792e-01
  4.06000e+00   2.86769e-01
  4.07000e+00   2.86746e-01
  4.08000e+00   2.86723e-01
  4.09000e+00   2.86700e-01
  4.10000e+00   2.86677e-01
  4.11000e+00   2.86655e-01
  4.12000e+00   2.86632e-01
  4.13000e+00   2.86609e-01
  4.14000e+00   2.86586e-01
  4.15000e+00   2.86563e-01
  4.16000e+00   2.86540e-01
  4.17000e+00   2.86517e-01
  4.18000e+00   2.86495e-01
  4.19000e+00   2.86472e-01
  4.20000e+00   2.86449e-01
  4.21000e+00   2.86426e-01
  4.22000e+00   2.86403e-01
  4.23000e+00   2.86380e-01
  4.24000e+00   2.86357e-01
  4.25000e+00   2.86335e-01
  4.26000e+00   2.86312e-01
