  3.11126e-01
  3.04317e-01
  2.98791e-01
  3.00487e-01
  2.93025e-01
  2.86318e-01
  2.97817e-01
  3.00178e-01
  3.01845e-01
  3.43562e-01
  2.97740e-01
  2.95810e-01
  2.88739e-01
  3.25826e-01
  2.98902e-01
  2.92659e-01
  2.96173e-01
  2.88654e-01
  2.95428e-01
  2.83281e-01
  2.97585e-01
  3.03266e-01
  3.04465e-01
  2.90529e-01
  2.88246e-01
  2.92172e-01
  2.96951e-01
  2.89791e-01
  2.95370e-01
  2.85521e-01
  3.00000e-01
  2.90837e-01
  3.00723e-01
  3.19972e-01
  2.89168e-01
  2.88028e-01
  2.82970e-01
  2.86490e-01
  2.91583e-01
  2.91363e-01
  3.43223e-01
  2.99914e-01
  2.87536e-01
  2.94241e-01
  2.92231e-01
  3.06712e-01
  2.91913e-01
  2.92624e-01
  2.91429e-01
  3.00127e-01
  2.90814e-01
  2.95343e-01
  2.92244e-01
  3.02189e-01
  2.91812e-01
  2.87691e-01
  2.91628e-01
  2.97150e-01
  2.87957e-01
  2.87701e-01
  2.89943e-01
  2.89271e-01
  2.94204e-01
  2.96574e-01
  3.01713e-01
  3.03174e-01
  2.92256e-01
  2.86242e-01
  2.88841e-01
  2.88575e-01
  2.99957e-01
  2.96307e-01
  2.93940e-01
  2.97949e-01
  2.90265e-01
  2.98094e-01
  2.96011e-01
  2.99563e-01
  3.39191e-01
  2.93695e-01
  2.90959e-01
  2.92653e-01
  2.96705e-01
  2.92382e-01
  3.02411e-01
  2.86513e-01
  2.93925e-01
  3.04880e-01
  2.94389e-01
  2.96731e-01
  3.01876e-01
  2.92111e-01
  2.99284e-01
  2.96077e-01
  2.96757e-01
  2.93697e-01
  3.03296e-01
  2.96288e-01
  2.97541e-01
  2.86379e-01
