 -2.07313e-01
 -7.79284e-02
 -1.68055e-01
 -2.08286e-01
 -2.24816e-01
 -1.92369e-01
 -2.06395e-01
 -1.66267e-01
 -1.69634e-01
 -2.01882e-01
 -6.68082e-02
 -1.27877e-01
 -7.24747e-02
 -1.79234e-01
 -9.17849e-02
 -4.99661e-02
 -1.66571e-01
  7.71386e-01
 -1.71125e-01
 -9.79341e-02
 -1.36203e-01
 -7.34239e-02
 -1.62689e-01
 -2.46704e-01
  5.21367e-01
  1.66568e-01
 -1.39031e-01
 -7.37208e-02
 -6.02828e-02
  6.56902e-01
 -1.76943e-01
 -1.14893e-01
 -1.75936e-01
 -1.72637e-01
 -1.31518e-01
 -1.94233e-01
  3.12055e-02
 -5.48004e-02
 -1.86045e-01
 -1.42305e-01
 -2.03407e-01
 -1.86032e-01
 -2.94348e-02
 -6.68421e-02
 -1.99535e-01
 -2.26260e-01
 -7.68456e-02
 -9.25924e-02
 -1.59715e-01
 -1.44812e-01
 -1.88799e-02
  2.08412e-02
 -5.81409e-02
 -2.17518e-01
 -9.23148e-02
 -2.05476e-01
 -1.92827e-01
 -6.28551e-02
 -5.00951e-02
  1.03910e-01
  1.16286e-01
 -1.45278e-01
 -4.08854e-02
 -1.60450e-01
 -4.70934e-02
 -1.92562e-01
 -5.96021e-02
 -7.39670e-02
 -6.40124e-02
 -1.64867e-01
 -1.68648e-01
 -3.04636e-02
 -1.43532e-01
 -1.90006e-01
 -1.01855e-02
 -1.68923e-01
 -1.52539e-01
 -1.64342e-01
 -2.26688e-01
 -1.89002e-01
 -1.65737e-01
  3.71560e-02
 -1.55831e-01
 -7.56445e-02
 -2.27538e-02
 -1.94485e-01
  4.20662e-02
 -9.50846e-02
 -1.30359e-01
 -2.04363e-01
 -1.93511e-01
 -7.43612e-02
 -2.19409e-01
 -1.97378e-01
 -3.52098e-02
 -1.84351e-01
 -6.38183e-02
 -1.95750e-01
 -2.12037e-01
 -9.72631e-02
