  5.38255e+00
  5.04662e+00
  4.86377e+00
  5.60096e+00
  5.06915e+00
  5.25557e+00
  5.30605e+00
  5.01538e+00
  4.90713e+00
  5.71908e+00
  4.97822e+00
  4.92881e+00
  4.58704e+00
  5.46125e+00
  5.18557e+00
  4.81122e+00
  5.02372e+00
  4.59941e+00
  5.06465e+00
  4.05991e+00
  4.92334e+00
  5.13563e+00
  5.28984e+00
  5.13887e+00
  4.28896e+00
  4.51627e+00
  5.23708e+00
  4.98308e+00
  4.87447e+00
  4.03067e+00
  5.31148e+00
  4.60592e+00
  5.01477e+00
  5.13011e+00
  4.64232e+00
  4.77617e+00
  4.67796e+00
  4.72981e+00
  5.11692e+00
  5.37634e+00
  5.61274e+00
  5.48811e+00
  4.72674e+00
  4.85008e+00
  5.06310e+00
  5.23439e+00
  4.93335e+00
  4.94734e+00
  4.94045e+00
  5.02295e+00
  4.64010e+00
  4.74636e+00
  4.69824e+00
  5.66978e+00
  4.91917e+00
  4.27286e+00
  4.98432e+00
  4.91947e+00
  4.66679e+00
  4.65733e+00
  4.52194e+00
  4.58775e+00
  4.75669e+00
  5.11604e+00
  4.90115e+00
  5.42997e+00
  4.91512e+00
  4.79197e+00
  4.88461e+00
  5.23495e+00
  5.08638e+00
  4.97435e+00
  4.93959e+00
  5.38581e+00
  4.85826e+00
  4.96571e+00
  5.16524e+00
  4.97232e+00
  5.58179e+00
  5.11588e+00
  5.04646e+00
  4.70472e+00
  4.85791e+00
  5.10325e+00
  4.73793e+00
  4.66738e+00
  4.58353e+00
  5.10005e+00
  4.92325e+00
  5.40331e+00
  5.02993e+00
  4.77007e+00
  5.59734e+00
  5.30952e+00
  4.99961e+00
  5.19634e+00
  5.05632e+00
  5.23054e+00
  5.68660e+00
  5.23002e+00
