  9.93923e-01
  9.66361e-01
  9.95284e-01
  9.86252e-01
  9.97089e-01
  9.87273e-01
  9.97729e-01
  9.97516e-01
  9.91075e-01
  9.94708e-01
  9.61987e-01
  9.90008e-01
  9.69968e-01
  9.89616e-01
  9.68268e-01
  9.66904e-01
  9.95661e-01
  7.09705e-01
  9.99114e-01
  9.89805e-01
  1.00084e+00
  9.65053e-01
  9.84597e-01
  9.97636e-01
  9.26166e-01
  9.30838e-01
  9.82484e-01
  9.66274e-01
  9.66230e-01
  8.27694e-01
  9.84205e-01
  1.00235e+00
  9.86731e-01
  9.94881e-01
  9.81715e-01
  9.95853e-01
  9.57228e-01
  9.66562e-01
  9.97294e-01
  9.75603e-01
  9.96210e-01
  9.88885e-01
  9.64593e-01
  9.67208e-01
  9.95855e-01
  9.97495e-01
  9.67241e-01
  9.68783e-01
  9.87414e-01
  9.86065e-01
  9.63452e-01
  9.60433e-01
  9.66199e-01
  9.96804e-01
  9.69630e-01
  1.00323e+00
  9.89832e-01
  9.65092e-01
  9.66461e-01
  9.33200e-01
  9.32616e-01
  9.92058e-01
  9.65705e-01
  9.87751e-01
  9.62969e-01
  9.94232e-01
  9.65577e-01
  9.66870e-01
  9.65546e-01
  9.83805e-01
  9.88276e-01
  9.52231e-01
  9.89363e-01
  9.88950e-01
  9.50148e-01
  9.94604e-01
  9.84976e-01
  9.85539e-01
  9.95039e-01
  9.95671e-01
  9.96791e-01
  9.45443e-01
  9.97100e-01
  9.65692e-01
  9.65031e-01
  9.96825e-01
  9.48670e-01
  9.68139e-01
  9.89667e-01
  1.00003e+00
  9.88329e-01
  9.69018e-01
  9.98262e-01
  9.95132e-01
  9.63044e-01
  9.92486e-01
  9.63932e-01
  9.97693e-01
  9.93763e-01
  9.69737e-01
