  3.78772e+00
  3.42322e+00
  3.35364e+00
  4.03096e+00
  3.60381e+00
  3.73561e+00
  3.72736e+00
  3.45461e+00
  3.38122e+00
  3.94936e+00
  3.35628e+00
  3.37229e+00
  3.13427e+00
  3.76978e+00
  3.53251e+00
  3.24307e+00
  3.47363e+00
  2.71246e+00
  3.51107e+00
  2.77232e+00
  3.34580e+00
  3.46737e+00
  3.67592e+00
  3.69895e+00
  2.43300e+00
  2.84710e+00
  3.60124e+00
  3.39166e+00
  3.29050e+00
  2.22589e+00
  3.72012e+00
  3.10200e+00
  3.48454e+00
  3.54788e+00
  3.28566e+00
  3.41198e+00
  3.07811e+00
  3.21066e+00
  3.58208e+00
  3.72614e+00
  3.88269e+00
  3.83272e+00
  3.16340e+00
  3.30167e+00
  3.58096e+00
  3.70258e+00
  3.35602e+00
  3.38606e+00
  3.44259e+00
  3.45153e+00
  3.08772e+00
  3.11194e+00
  3.20027e+00
  3.98458e+00
  3.35780e+00
  2.98292e+00
  3.54719e+00
  3.32441e+00
  3.17167e+00
  3.00455e+00
  2.91614e+00
  3.12248e+00
  3.17186e+00
  3.54804e+00
  3.28210e+00
  3.78977e+00
  3.32296e+00
  3.28069e+00
  3.31386e+00
  3.66028e+00
  3.53691e+00
  3.34628e+00
  3.38970e+00
  3.77890e+00
  3.23446e+00
  3.43067e+00
  3.57351e+00
  3.48298e+00
  3.91057e+00
  3.57855e+00
  3.51597e+00
  3.08985e+00
  3.35881e+00
  3.46687e+00
  3.14464e+00
  3.32685e+00
  3.02236e+00
  3.48767e+00
  3.37741e+00
  3.78234e+00
  3.54135e+00
  3.26078e+00
  3.94213e+00
  3.71824e+00
  3.33879e+00
  3.64920e+00
  3.41302e+00
  3.66563e+00
  4.00305e+00
  3.58215e+00
