 -1.06770e-02
 -5.69555e-03
 -4.14252e-03
 -4.48956e-03
 -1.45890e-03
  9.85971e-04
 -3.38432e-03
 -3.76347e-03
 -6.41351e-03
 -3.15555e-02
 -2.37922e-03
 -1.21144e-03
 -3.34899e-04
 -1.98677e-02
 -4.04806e-03
 -2.26305e-04
 -2.65390e-03
  3.81456e-04
 -1.86824e-03
  2.23876e-03
 -3.75529e-03
 -4.98013e-03
 -7.22298e-03
  4.67267e-04
 -2.89136e-04
 -1.31811e-03
 -1.61704e-03
 -4.88087e-04
 -2.21571e-03
  1.35018e-03
 -4.34672e-03
 -5.54448e-04
 -4.71287e-03
 -1.65684e-02
  5.77452e-04
  1.60847e-04
  2.32127e-03
  7.13830e-04
 -8.77659e-04
 -1.01058e-03
 -3.29957e-02
 -4.12066e-03
  1.28843e-03
 -2.38208e-03
 -1.21839e-03
 -1.00040e-02
 -5.97756e-04
 -1.13591e-03
 -2.49056e-04
 -4.36831e-03
 -7.92469e-04
 -3.05952e-03
 -6.23121e-04
 -3.24644e-03
 -9.16610e-04
  4.50064e-05
 -6.68061e-04
 -2.68838e-03
  1.27943e-03
  1.02463e-03
 -3.31295e-04
 -3.88568e-04
 -1.53284e-03
 -2.65626e-03
 -6.26318e-03
 -6.98249e-03
 -5.79599e-04
  1.47791e-03
  7.92025e-04
  6.44148e-04
 -4.74006e-03
 -1.59909e-03
 -1.79159e-03
 -3.58779e-03
  5.26613e-04
 -2.43449e-03
 -3.11395e-03
 -4.48493e-03
 -3.01238e-02
 -1.25727e-03
 -5.25761e-04
 -1.12521e-03
 -3.60994e-03
 -1.08913e-03
 -7.26696e-03
  1.18135e-03
 -6.81742e-04
 -8.01600e-03
 -8.72781e-04
 -4.27724e-03
 -5.32357e-03
 -1.01304e-03
 -4.25278e-03
 -3.83592e-03
 -4.56124e-03
 -6.46409e-04
 -6.15545e-03
 -2.48120e-03
 -2.09917e-03
  1.24672e-03
