  0.00000e+00   1.35592e-02   8.00000e-03
  1.00200e-01  -1.14756e-02   8.00000e-03
  1.98897e-01  -5.66846e-03   8.00000e-03
  2.96114e-01  -6.11428e-03   8.00000e-03
  3.91872e-01   3.42588e-03   8.00000e-03
  4.86194e-01   8.20546e-03   8.00000e-03
  5.79101e-01   3.56264e-03   8.00000e-03
  6.70614e-01  -2.10355e-03   8.00000e-03
  7.60755e-01  -9.86351e-03   8.00000e-03
  8.49544e-01  -2.73092e-04   8.00000e-03
  9.37001e-01   3.64336e-03   8.00000e-03
  1.02315e+00   1.06166e-02   8.00000e-03
  1.10800e+00   9.97765e-03   8.00000e-03
  1.21944e+00   7.91559e-03   8.00000e-03
  1.32865e+00   3.66479e-04   8.00000e-03
  1.43568e+00  -2.63268e-03   8.00000e-03
  1.54056e+00  -2.96216e-03   8.00000e-03
  1.64335e+00  -4.89329e-03   8.00000e-03
  1.74408e+00  -7.64612e-03   8.00000e-03
  1.84280e+00  -6.94698e-03   8.00000e-03
  1.93955e+00  -5.63180e-03   8.00000e-03
  2.53210e+00  -3.34330e-03   8.00000e-03
  3.05059e+00   1.87121e-03   8.00000e-03
  3.50427e+00  -1.00372e-03   8.00000e-03
  4.06002e+00   7.41248e-03   8.00000e-03
