  0.00000e+00   9.97628e-01
  1.00000e-02   9.97414e-01
  2.00000e-02   9.97180e-01
  3.00000e-02   9.96925e-01
  4.00000e-02   9.96647e-01
  5.00000e-02   9.96344e-01
  6.00000e-02   9.96013e-01
  7.00000e-02   9.95653e-01
  8.00000e-02   9.95261e-01
  9.00000e-02   9.94833e-01
  1.00000e-01   9.94367e-01
  1.10000e-01   9.93859e-01
  1.20000e-01   9.93305e-01
  1.30000e-01   9.92702e-01
  1.40000e-01   9.92046e-01
  1.50000e-01   9.91330e-01
  1.60000e-01   9.90551e-01
  1.70000e-01   9.89703e-01
  1.80000e-01   9.88779e-01
  1.90000e-01   9.87773e-01
  2.00000e-01   9.86679e-01
  2.10000e-01   9.85488e-01
  2.20000e-01   9.84192e-01
  2.30000e-01   9.82783e-01
  2.40000e-01   9.81250e-01
  2.50000e-01   9.79583e-01
  2.60000e-01   9.77772e-01
  2.70000e-01   9.75805e-01
  2.80000e-01   9.73667e-01
  2.90000e-01   9.71347e-01
  3.00000e-01   9.68828e-01
  3.10000e-01   9.66096e-01
  3.20000e-01   9.63133e-01
  3.30000e-01   9.59923e-01
  3.40000e-01   9.56445e-01
  3.50000e-01   9.52680e-01
  3.60000e-01   9.48608e-01
  3.70000e-01   9.44205e-01
  3.80000e-01   9.39450e-01
  3.90000e-01   9.34317e-01
  4.00000e-01   9.28783e-01
  4.10000e-01   9.22820e-01
  4.20000e-01   9.16403e-01
  4.30000e-01   9.09505e-01
  4.40000e-01   9.02099e-01
  4.50000e-01   8.94157e-01
  4.60000e-01   8.85652e-01
  4.70000e-01   8.76559e-01
  4.80000e-01   8.66850e-01
  4.90000e-01   8.56504e-01
  5.00000e-01   8.45497e-01
  5.10000e-01   8.33809e-01
  5.20000e-01   8.21423e-01
  5.30000e-01   8.08327e-01
  5.40000e-01   7.94511e-01
  5.50000e-01   7.79970e-01
  5.60000e-01   7.64705e-01
  5.70000e-01   7.48722e-01
  5.80000e-01   7.32033e-01
  5.90000e-01   7.14659e-01
  6.00000e-01   6.96625e-01
  6.10000e-01   6.77965e-01
  6.20000e-01   6.58719e-01
  6.30000e-01   6.38936e-01
  6.40000e-01   6.18670e-01
  6.50000e-01   5.97982e-01
  6.60000e-01   5.76939e-01
  6.70000e-01   5.55613e-01
  6.80000e-01   5.34081e-01
  6.90000e-01   5.12420e-01
  7.00000e-01   4.90713e-01
  7.10000e-01   4.69041e-01
  7.20000e-01   4.47485e-01
  7.30000e-01   4.26124e-01
  7.40000e-01   4.05036e-01
  7.50000e-01   3.84293e-01
  7.60000e-01   3.63962e-01
  7.70000e-01   3.44105e-01
  7.80000e-01   3.24779e-01
  7.90000e-01   3.06031e-01
  8.00000e-01   2.87905e-01
  8.10000e-01   2.70433e-01
  8.20000e-01   2.53645e-01
  8.30000e-01   2.37559e-01
  8.40000e-01   2.22189e-01
  8.50000e-01   2.07543e-01
  8.60000e-01   1.93623e-01
  8.70000e-01   1.80423e-01
  8.80000e-01   1.67936e-01
  8.90000e-01   1.56149e-01
  9.00000e-01   1.45044e-01
  9.10000e-01   1.34603e-01
  9.20000e-01   1.24805e-01
  9.30000e-01   1.15624e-01
  9.40000e-01   1.07036e-01
  9.50000e-01   9.90141e-02
  9.60000e-01   9.15321e-02
  9.70000e-01   8.45624e-02
  9.80000e-01   7.80777e-02
  9.90000e-01   7.20512e-02
  1.00000e+00   6.64564e-02
  1.01000e+00   6.12673e-02
  1.02000e+00   5.64589e-02
  1.03000e+00   5.20069e-02
  1.04000e+00   4.78882e-02
  1.05000e+00   4.40805e-02
  1.06000e+00   4.05626e-02
  1.07000e+00   3.73146e-02
  1.08000e+00   3.43173e-02
  1.09000e+00   3.15529e-02
  1.10000e+00   2.90045e-02
  1.11000e+00   2.66562e-02
  1.12000e+00   2.44933e-02
  1.13000e+00   2.25018e-02
  1.14000e+00   2.06688e-02
  1.15000e+00   1.89822e-02
  1.16000e+00   1.74308e-02
  1.17000e+00   1.60042e-02
  1.18000e+00   1.46925e-02
  1.19000e+00   1.34869e-02
  1.20000e+00   1.23789e-02
  1.21000e+00   1.13610e-02
  1.22000e+00   1.04258e-02
  1.23000e+00   9.56692e-03
  1.24000e+00   8.77814e-03
  1.25000e+00   8.05387e-03
  1.26000e+00   7.38890e-03
  1.27000e+00   6.77847e-03
  1.28000e+00   6.21815e-03
  1.29000e+00   5.70388e-03
  1.30000e+00   5.23192e-03
  1.31000e+00   4.79882e-03
  1.32000e+00   4.40142e-03
  1.33000e+00   4.03679e-03
  1.34000e+00   3.70226e-03
  1.35000e+00   3.39535e-03
  1.36000e+00   3.11381e-03
  1.37000e+00   2.85555e-03
  1.38000e+00   2.61865e-03
  1.39000e+00   2.40135e-03
  1.40000e+00   2.20205e-03
  1.41000e+00   2.01926e-03
  1.42000e+00   1.85161e-03
  1.43000e+00   1.69785e-03
  1.44000e+00   1.55685e-03
  1.45000e+00   1.42754e-03
  1.46000e+00   1.30895e-03
  1.47000e+00   1.20020e-03
  1.48000e+00   1.10048e-03
  1.49000e+00   1.00904e-03
  1.50000e+00   9.25185e-04
  1.51000e+00   8.48294e-04
  1.52000e+00   7.77789e-04
  1.53000e+00   7.13139e-04
  1.54000e+00   6.53860e-04
  1.55000e+00   5.99505e-04
  1.56000e+00   5.49666e-04
  1.57000e+00   5.03969e-04
  1.58000e+00   4.62068e-04
  1.59000e+00   4.23650e-04
  1.60000e+00   3.88425e-04
  1.61000e+00   3.56128e-04
  1.62000e+00   3.26515e-04
  1.63000e+00   2.99364e-04
  1.64000e+00   2.74470e-04
  1.65000e+00   2.51646e-04
  1.66000e+00   2.30719e-04
  1.67000e+00   2.11532e-04
  1.68000e+00   1.93941e-04
  1.69000e+00   1.77812e-04
  1.70000e+00   1.63024e-04
  1.71000e+00   1.49466e-04
  1.72000e+00   1.37035e-04
  1.73000e+00   1.25638e-04
  1.74000e+00   1.15189e-04
  1.75000e+00   1.05609e-04
  1.76000e+00   9.68249e-05
  1.77000e+00   8.87719e-05
  1.78000e+00   8.13885e-05
  1.79000e+00   7.46192e-05
  1.80000e+00   6.84129e-05
  1.81000e+00   6.27227e-05
  1.82000e+00   5.75058e-05
  1.83000e+00   5.27228e-05
  1.84000e+00   4.83376e-05
  1.85000e+00   4.43171e-05
  1.86000e+00   4.06310e-05
  1.87000e+00   3.72515e-05
  1.88000e+00   3.41530e-05
  1.89000e+00   3.13123e-05
  1.90000e+00   2.87079e-05
  1.91000e+00   2.63200e-05
  1.92000e+00   2.41308e-05
  1.93000e+00   2.21237e-05
  1.94000e+00   2.02835e-05
  1.95000e+00   1.85964e-05
  1.96000e+00   1.70496e-05
  1.97000e+00   1.56314e-05
  1.98000e+00   1.43312e-05
  1.99000e+00   1.31392e-05
  2.00000e+00   1.20463e-05
  2.01000e+00   1.10443e-05
  2.02000e+00   1.01257e-05
  2.03000e+00   9.28343e-06
  2.04000e+00   8.51125e-06
  2.05000e+00   7.80330e-06
  2.06000e+00   7.15424e-06
  2.07000e+00   6.55916e-06
  2.08000e+00   6.01358e-06
  2.09000e+00   5.51338e-06
  2.10000e+00   5.05478e-06
  2.11000e+00   4.63433e-06
  2.12000e+00   4.24886e-06
  2.13000e+00   3.89544e-06
  2.14000e+00   3.57142e-06
  2.15000e+00   3.27436e-06
  2.16000e+00   3.00200e-06
  2.17000e+00   2.75230e-06
  2.18000e+00   2.52337e-06
  2.19000e+00   2.31347e-06
  2.20000e+00   2.12104e-06
  2.21000e+00   1.94462e-06
  2.22000e+00   1.78287e-06
  2.23000e+00   1.63457e-06
  2.24000e+00   1.49861e-06
  2.25000e+00   1.37396e-06
  2.26000e+00   1.25967e-06
  2.27000e+00   1.15489e-06
  2.28000e+00   1.05883e-06
  2.29000e+00   9.70758e-07
  2.30000e+00   8.90012e-07
  2.31000e+00   8.15981e-07
  2.32000e+00   7.48109e-07
  2.33000e+00   6.85882e-07
  2.34000e+00   6.28831e-07
  2.35000e+00   5.76526e-07
  2.36000e+00   5.28571e-07
  2.37000e+00   4.84605e-07
  2.38000e+00   4.44296e-07
  2.39000e+00   4.07340e-07
  2.40000e+00   3.73458e-07
  2.41000e+00   3.42394e-07
  2.42000e+00   3.13914e-07
  2.43000e+00   2.87803e-07
  2.44000e+00   2.63864e-07
  2.45000e+00   2.41916e-07
  2.46000e+00   2.21794e-07
  2.47000e+00   2.03345e-07
  2.48000e+00   1.86431e-07
  2.49000e+00   1.70924e-07
  2.50000e+00   1.56707e-07
  2.51000e+00   1.43672e-07
  2.52000e+00   1.31721e-07
  2.53000e+00   1.20765e-07
  2.54000e+00   1.10720e-07
  2.55000e+00   1.01510e-07
  2.56000e+00   9.30668e-08
  2.57000e+00   8.53256e-08
  2.58000e+00   7.82283e-08
  2.59000e+00   7.17214e-08
  2.60000e+00   6.57556e-08
  2.61000e+00   6.02862e-08
  2.62000e+00   5.52716e-08
  2.63000e+00   5.06742e-08
  2.64000e+00   4.64592e-08
  2.65000e+00   4.25947e-08
  2.66000e+00   3.90517e-08
  2.67000e+00   3.58035e-08
  2.68000e+00   3.28254e-08
  2.69000e+00   3.00950e-08
  2.70000e+00   2.75917e-08
  2.71000e+00   2.52967e-08
  2.72000e+00   2.31925e-08
  2.73000e+00   2.12634e-08
  2.74000e+00   1.94947e-08
  2.75000e+00   1.78732e-08
  2.76000e+00   1.63865e-08
  2.77000e+00   1.50235e-08
  2.78000e+00   1.37738e-08
  2.79000e+00   1.26282e-08
  2.80000e+00   1.15778e-08
  2.81000e+00   1.06147e-08
  2.82000e+00   9.73181e-09
  2.83000e+00   8.92233e-09
  2.84000e+00   8.18018e-09
  2.85000e+00   7.49976e-09
  2.86000e+00   6.87594e-09
  2.87000e+00   6.30400e-09
  2.88000e+00   5.77964e-09
  2.89000e+00   5.29890e-09
  2.90000e+00   4.85814e-09
  2.91000e+00   4.45405e-09
  2.92000e+00   4.08356e-09
  2.93000e+00   3.74390e-09
  2.94000e+00   3.43248e-09
  2.95000e+00   3.14697e-09
  2.96000e+00   2.88521e-09
  2.97000e+00   2.64522e-09
  2.98000e+00   2.42520e-09
  2.99000e+00   2.22347e-09
  3.00000e+00   2.03852e-09
  3.01000e+00   1.86896e-09
  3.02000e+00   1.71350e-09
  3.03000e+00   1.57098e-09
  3.04000e+00   1.44030e-09
  3.05000e+00   1.32050e-09
  3.06000e+00   1.21066e-09
  3.07000e+00   1.10996e-09
  3.08000e+00   1.01764e-09
  3.09000e+00   9.32990e-10
  3.10000e+00   8.55385e-10
  3.11000e+00   7.84235e-10
  3.12000e+00   7.19003e-10
  3.13000e+00   6.59197e-10
  3.14000e+00   6.04366e-10
  3.15000e+00   5.54095e-10
  3.16000e+00   5.08006e-10
  3.17000e+00   4.65751e-10
  3.18000e+00   4.27010e-10
  3.19000e+00   3.91492e-10
  3.20000e+00   3.58928e-10
  3.21000e+00   3.29073e-10
  3.22000e+00   3.01701e-10
  3.23000e+00   2.76606e-10
  3.24000e+00   2.53598e-10
  3.25000e+00   2.32504e-10
  3.26000e+00   2.13164e-10
  3.27000e+00   1.95434e-10
  3.28000e+00   1.79178e-10
  3.29000e+00   1.64274e-10
  3.30000e+00   1.50610e-10
  3.31000e+00   1.38082e-10
  3.32000e+00   1.26597e-10
  3.33000e+00   1.16066e-10
  3.34000e+00   1.06412e-10
  3.35000e+00   9.75609e-11
  3.36000e+00   8.94459e-11
  3.37000e+00   8.20059e-11
  3.38000e+00   7.51847e-11
  3.39000e+00   6.89309e-11
  3.40000e+00   6.31973e-11
  3.41000e+00   5.79406e-11
  3.42000e+00   5.31212e-11
  3.43000e+00   4.87026e-11
  3.44000e+00   4.46516e-11
  3.45000e+00   4.09375e-11
  3.46000e+00   3.75324e-11
  3.47000e+00   3.44105e-11
  3.48000e+00   3.15482e-11
  3.49000e+00   2.89241e-11
  3.50000e+00   2.65182e-11
  3.51000e+00   2.43125e-11
  3.52000e+00   2.22902e-11
  3.53000e+00   2.04361e-11
  3.54000e+00   1.87362e-11
  3.55000e+00   1.71778e-11
  3.56000e+00   1.57490e-11
  3.57000e+00   1.44390e-11
  3.58000e+00   1.32380e-11
  3.59000e+00   1.21368e-11
  3.60000e+00   1.11273e-11
  3.61000e+00   1.02017e-11
  3.62000e+00   9.35318e-12
  3.63000e+00   8.57519e-12
  3.64000e+00   7.86191e-12
  3.65000e+00   7.20797e-12
  3.66000e+00   6.60842e-12
  3.67000e+00   6.05874e-12
  3.68000e+00   5.55478e-12
  3.69000e+00   5.09274e-12
  3.70000e+00   4.66913e-12
  3.71000e+00   4.28075e-12
  3.72000e+00   3.92468e-12
  3.73000e+00   3.59823e-12
  3.74000e+00   3.29894e-12
  3.75000e+00   3.02453e-12
  3.76000e+00   2.77296e-12
  3.77000e+00   2.54230e-12
  3.78000e+00   2.33084e-12
  3.79000e+00   2.13696e-12
  3.80000e+00   1.95921e-12
  3.81000e+00   1.79625e-12
  3.82000e+00   1.64684e-12
  3.83000e+00   1.50985e-12
  3.84000e+00   1.38427e-12
  3.85000e+00   1.26912e-12
  3.86000e+00   1.16356e-12
  3.87000e+00   1.06678e-12
  3.88000e+00   9.78043e-13
  3.89000e+00   8.96690e-13
  3.90000e+00   8.22105e-13
  3.91000e+00   7.53723e-13
  3.92000e+00   6.91029e-13
  3.93000e+00   6.33550e-13
  3.94000e+00   5.80852e-13
  3.95000e+00   5.32537e-13
  3.96000e+00   4.88241e-13
  3.97000e+00   4.47630e-13
  3.98000e+00   4.10396e-13
  3.99000e+00   3.76260e-13
  4.00000e+00   3.44963e-13
  4.01000e+00   3.16269e-13
  4.02000e+00   2.89963e-13
  4.03000e+00   2.65844e-13
  4.04000e+00   2.43731e-13
  4.05000e+00   2.23458e-13
  4.06000e+00   2.04871e-13
  4.07000e+00   1.87830e-13
  4.08000e+00   1.72206e-13
  4.09000e+00   1.57882e-13
  4.10000e+00   1.44750e-13
  4.11000e+00   1.32710e-13
  4.12000e+00   1.21671e-13
  4.13000e+00   1.11551e-13
  4.14000e+00   1.02272e-13
  4.15000e+00   9.37651e-14
  4.16000e+00   8.59658e-14
  4.17000e+00   7.88153e-14
  4.18000e+00   7.22595e-14
  4.19000e+00   6.62490e-14
  4.20000e+00   6.07385e-14
  4.21000e+00   5.56863e-14
  4.22000e+00   5.10544e-14
  4.23000e+00   4.68078e-14
  4.24000e+00   4.29143e-14
  4.25000e+00   3.93448e-14
  4.26000e+00   3.60721e-14
