  0.00000e+00   1.01658e+00   1.11804e-02
  1.00200e-01   9.78319e-01   1.11804e-02
  1.98897e-01   9.78882e-01   1.11804e-02
  2.96114e-01   9.61286e-01   1.11804e-02
  3.91872e-01   9.38100e-01   1.11804e-02
  4.86194e-01   8.71986e-01   1.11804e-02
  5.79101e-01   7.38541e-01   1.11804e-02
  6.70614e-01   5.51356e-01   1.11804e-02
  7.60755e-01   3.48660e-01   1.11804e-02
  8.49544e-01   2.07814e-01   1.11804e-02
  9.37001e-01   1.14643e-01   1.11804e-02
  1.02315e+00   6.98583e-02   1.11804e-02
  1.10800e+00   4.10552e-02   1.11804e-02
  1.21944e+00   2.15387e-02   1.11804e-02
  1.32865e+00   4.59638e-03   1.11804e-02
  1.43568e+00  -2.06298e-03   1.11804e-02
  1.54056e+00  -3.48909e-03   1.11804e-02
  1.64335e+00  -6.57201e-03   1.11804e-02
  1.74408e+00  -1.05746e-02   1.11804e-02
  1.84280e+00  -9.66156e-03   1.11804e-02
  1.93955e+00  -7.85035e-03   1.11804e-02
  2.53210e+00  -4.67231e-03   1.11804e-02
  3.05059e+00   2.61510e-03   1.11804e-02
  3.50427e+00  -1.40275e-03   1.11804e-02
  4.06002e+00   1.03593e-02   1.11804e-02
